42
4 2
0 0
4 0
4 4
0 4
6 10
3 15
10 1
12 5
11 19
9 23
6 20
3 5
0 0
10 0
0 10
3 5
10 0
0 10
0 0
3 5
0 10
0 0
10 0
4 1
0 10
-10 0
0 -10
10 0
5 -10
20 4
13 7
5 0
17 -23
25 -16
5 2
-91 -40
0 -52
85 -19
5 97
-74 -10
7 54
-69 -43
-22 -71
88 -82
83 82
71 81
17 50
-16 24
9 35
-93 -2
-88 -89
-43 -97
86 -20
97 -4
98 78
61 90
44 94
-89 99
6 45
-93 55
-76 -100
65 -96
90 -59
43 63
-45 75
8 -1
-90 -94
-88 -99
57 -99
93 -92
82 94
-21 89
-62 33
-80 5
5 -22
-80 98
-73 -66
51 -77
82 -38
68 78
6 -42
-100 -64
16 -100
95 -87
76 98
-73 96
-99 -52
7 30
-94 81
-86 -95
-24 -96
46 -49
80 -1
81 18
57 98
8 -41
-89 -76
19 -86
68 -89
96 61
99 85
46 87
9 82
-88 49
8 -19
-98 38
-95 -67
-18 -97
28 -100
89 -99
99 -55
98 76
-76 50
7 -93
-92 -30
-52 -97
90 -74
71 7
39 57
-68 97
-82 44
8 13
-96 7
-64 -95
25 -97
97 -13
83 1
18 65
-6 74
-58 90
7 -40
-96 -52
61 -91
79 -87
63 72
55 98
-62 98
-96 24
6 -36
-85 79
-77 -99
82 -85
91 -47
72 -12
5 49
9 3
-99 78
-97 -38
-94 -86
-61 -100
53 -95
59 -89
88 14
80 92
-46 96
10 52
-100 88
-98 -44
-80 -59
-58 -76
-38 -89
79 -56
98 -17
97 80
93 82
-39 98
9 28
-100 -21
13 -75
35 -75
98 -7
81 47
33 96
-51 88
-84 68
-90 52
10 -24
-98 -17
-95 -69
19 -90
64 -82
92 23
90 60
22 99
-31 96
-70 71
-93 22
8 -44
-92 91
-87 -14
-76 -92
-39 -95
67 -99
84 -45
99 70
88 98
9 22
-97 -15
-50 -98
89 -94
87 0
71 54
19 78
-34 87
-45 85
-88 29
6 -49
-98 -76
-21 -96
77 -71
67 98
-44 68
-85 33
10 -61
-99 -73
18 -97
62 -86
86 -67
88 -26
85 44
74 86
3 94
-61 94
-98 -33
10 -61
18 -97
62 -86
86 -67
88 -26
85 44
74 86
3 94
-61 94
-98 -33
-99 -73
10 -61
62 -86
86 -67
88 -26
85 44
74 86
3 94
-61 94
-98 -33
-99 -73
18 -97
10 -61
86 -67
88 -26
85 44
74 86
3 94
-61 94
-98 -33
-99 -73
18 -97
62 -86
10 -61
88 -26
85 44
74 86
3 94
-61 94
-98 -33
-99 -73
18 -97
62 -86
86 -67
10 -61
85 44
74 86
3 94
-61 94
-98 -33
-99 -73
18 -97
62 -86
86 -67
88 -26
10 -61
74 86
3 94
-61 94
-98 -33
-99 -73
18 -97
62 -86
86 -67
88 -26
85 44
10 -61
3 94
-61 94
-98 -33
-99 -73
18 -97
62 -86
86 -67
88 -26
85 44
74 86
10 -61
-61 94
-98 -33
-99 -73
18 -97
62 -86
86 -67
88 -26
85 44
74 86
3 94
10 -61
-98 -33
-99 -73
18 -97
62 -86
86 -67
88 -26
85 44
74 86
3 94
-61 94
5 863
987 850
990 875
999 840
995 820
993 817
5 863
990 875
999 840
995 820
993 817
987 850
5 863
999 840
995 820
993 817
987 850
990 875
5 818
987 850
990 875
999 840
995 820
993 817